198
201
183
205
207
202
202
186
208
206
203
185
214
187
203
186
172
192
167
191
186
207
187
223
224
199
176
194
208
207
198
197
161
179
184
189
200
190
236
208
198
192
218
173
193
200
208
203
190
169
220
193
190
176
209
189
184
172
204
218
201
176
199
181
217
196
186
199
197
207
191
177
189
201
181
197
170
204
157
185
232
175
210
187
181
212
209
212
166
148
202
225
207
191
200
205
215
213
209
206
198
212
179
171
173
174
168
215
194
214
203
204
183
173
209
203
196
155
194
173
229
216
197
202
199
182
190
218
182
203
182
193
177
195
176
189
183
182
168
195
190
195
213
203
186
222
200
219
184
190
213
186
188
191
209
187
194
206
191
170
237
208
203
207
213
238
192
162
170
199
210
198
187
216
193
201
207
210
213
200
229
215
174
180
211
169
201
181
185
177
197
224
188
162
166
192
199
225
196
189
176
197
209
190
182
214
174
177
200
180
174
188
200
187
180
223
191
185
190
194
191
181
205
182
209
202
163
179
171
175
189
189
180
164
217
186
200
196
150
168
215
177
214
135
203
183
160
215
192
204
179
174
195
209
185
204
195
169
226
178
202
155
177
184
163
202
189
194
208
216
180
165
202
202
202
214
177
225
186
193
181
199
179
196
198
216
168
176
191
183
192
185
210
206
187
190
214
181
224
172
201
212
178
186
184
184
174
167
196
238
151
183
175
167
195
218
223
197
194
213
234
179
178
203
206
230
226
202
201
201
174
192
203
200
204
210
212
207
193
176
220
168
225
229
167
190
219
162
210
209
181
179
176
193
199
172
175
177
214
192
176
220
176
209
186
181
220
211
202
205
210
186
231
195
214
207
209
181
178
193
204
182
182
205
178
168
182
167
178
171
183
223
173
167
216
190
179
221
198
189
177
197
188
164
185
217
198
184
209
179
205
162
199
195
178
222
190
209
221
184
202
198
186
209
207
233
193
183
228
173
209
193
211
176
185
164
192
221
207
217
202
206
188
173
190
188
176
176
190
202
174
202
215
217
187
218
197
188
198
192
191
187
186
233
188
188
195
193
200
218
197
186
190
206
232
230
187
186
191
213
203
205
196
214
172
194
184
182
218
211
215
185
208
229
193
197
225
232
191
223
182
190
212
210
196
158
199
203
210
244
201
190
205
190
173
176
222
179
187
208
214
180
187
194
171
189
226
210
212
197
187
212
189
205
149
225
197
200
193
188
216
210
195
198
211
202
198
166
205
187
174
186
224
191
230
179
207
214
177
194
217
215
203
180
187
169
209
196
210
193
185
190
182
178
178
196
215
207
200
212
203
168
188
186
219
189
166
172
219
223
166
186
179
204
219
208
208
207
231
226
220
201
184
212
200
245
159
219
193
192
175
200
175
186
